1
30 
-0.722079 -0.181088 -0.220098 0.0228414 0.389631 0.38762 0.538338 1.08187 0.551858 0.22324 0.0538567 0.233189 -0.432259 -0.0322944 0.0938953 0.627009 0.765794 0.543707 0.230838 0.0318712 0.670764 0.165626 0.175384 1.32647 0.706536 -1.03477 -0.769951 -0.815128 -0.0627556 -0.773973 -0.618261 -0.87423 -0.515036 -1.02594 -0.561465 -0.856709 -0.311869 -0.808805 -0.717598 -0.671484 -0.722235 -0.870441 -1.06418 -0.64871 -0.939153 -0.716724 -0.949465 -1.26541 -1.29451 -1.01331 -0.711995 -1.16096 0.370408 1.13147 0.548868 -0.0392836 0.022756 0.00236809 
-0.710792 -0.256331 -0.222943 0.0162059 0.475202 0.461464 0.472502 1.10441 0.572176 0.440372 0.0773416 0.323225 -0.399741 0.168734 0.0378882 0.630574 0.675019 0.531069 0.212998 0.019841 0.580074 0.171751 0.176303 1.19689 0.668456 -1.0291 -1.00122 -0.719757 -0.167896 -0.901787 -0.652834 -1.06764 -1.13086 -1.21858 -0.631627 -1.02079 -0.228949 -0.643722 -0.760637 -0.781002 -0.635924 -0.984077 -1.35227 -0.791222 -1.00499 -0.720225 -1.07777 -1.31919 -1.25855 -1.05634 -0.742354 -1.10393 0.392478 1.20784 0.568289 0.0209009 0.00654751 0.000224609 
-0.732424 -0.12915 -0.212596 0.0283949 0.354995 0.383061 0.454297 1.2644 0.588885 0.382975 0.11879 0.117321 -0.315053 0.0540033 0.062643 0.634299 0.741113 0.580751 0.25029 -0.0034909 0.704723 0.203286 0.203963 1.09307 0.674461 -0.971384 -0.860593 -0.711122 -0.0924685 -0.788009 -0.612617 -0.78401 -0.456221 -1.0107 -0.50911 -0.849456 -0.257636 -0.735042 -0.624789 -0.685867 -0.644414 -0.912787 -1.04637 -0.64122 -0.918706 -0.658231 -0.982127 -1.33952 -1.1827 -1.15544 -0.677224 -1.00901 0.420852 1.09792 0.543063 -0.00967453 0.0201508 -0.00191918 
-0.562451 -0.170099 -0.22424 -0.0321104 0.271931 0.276154 0.44378 1.10935 0.535692 0.263979 0.098392 0.243313 -0.417852 0.000812692 -0.0157563 0.659346 0.758113 0.407947 0.251009 -0.0228797 0.646398 0.192499 0.168012 0.950422 0.691418 -1.00509 -0.786919 -0.5972 -0.162809 -0.843939 -0.665226 -0.797925 -0.606005 -1.04602 -0.499449 -0.82684 -0.411541 -0.792106 -0.695111 -0.737041 -0.715627 -0.843341 -0.976776 -0.703658 -0.846133 -0.662594 -0.970431 -1.26891 -1.10069 -1.08404 -0.768885 -1.15105 0.361007 0.976905 0.473233 0.0225875 0.0102156 0.00151343 
-0.753154 -0.0952055 -0.230022 -0.0291483 0.376798 0.386404 0.576709 1.29731 0.628719 0.406958 0.0840315 0.21474 -0.456771 0.0747904 0.0653902 0.574652 0.765815 0.548987 0.265397 0.0305952 0.746265 0.147799 0.17652 1.44581 0.784271 -1.00604 -0.87195 -0.794827 0.0550892 -0.848573 -0.714964 -0.978007 -0.590811 -1.08956 -0.484197 -1.03698 -0.239124 -0.806613 -0.71493 -0.814939 -0.763913 -0.979476 -1.1689 -0.744146 -1.02552 -0.796263 -1.1022 -1.10858 -1.20665 -1.10718 -0.822836 -1.1828 0.365031 1.21422 0.485819 0.022238 0.0170185 0.00248207 
-0.691424 -0.195153 -0.232839 -0.0434072 0.416556 0.361368 0.48671 1.32351 0.549547 0.162148 0.0221263 0.284041 -0.391064 -0.0347179 -0.00951919 0.7077 0.762731 0.509266 0.244799 0.0126083 0.814394 0.141226 0.152195 1.21067 0.911035 -0.957986 -0.812405 -0.717142 -0.194311 -0.757458 -0.629585 -0.845395 -0.52334 -1.04711 -0.414517 -0.84832 -0.316149 -0.729337 -0.733697 -0.720924 -0.762329 -0.873303 -1.07182 -0.62256 -0.924671 -0.677427 -0.982894 -1.23373 -1.16856 -1.00719 -0.813741 -1.03788 0.366458 1.18991 0.491408 -0.0304635 0.0190529 0.00279952 
-0.781865 -0.105677 -0.213009 -0.0333937 0.353544 0.400202 0.553275 1.14569 0.591499 0.207249 0.0934962 0.233688 -0.369464 0.0178253 0.045302 0.646065 0.705864 0.51702 0.312656 -0.00562418 0.735782 0.165909 0.186464 1.16742 0.798342 -0.940758 -0.834669 -0.695505 -0.108314 -0.759702 -0.6321 -0.935316 -0.570825 -1.02857 -0.435053 -0.816958 -0.331909 -0.747709 -0.651946 -0.703733 -0.740854 -0.838238 -1.05184 -0.733406 -0.932958 -0.679957 -0.998913 -1.30847 -1.23131 -1.06344 -0.723492 -1.02093 0.380805 1.38479 0.541415 -0.0254046 0.013335 -0.00130055 
-0.78838 -0.151315 -0.217548 0.0558877 0.432021 0.320658 0.526763 1.23396 0.569403 0.367729 0.0781544 0.223755 -0.390676 0.0282423 0.0556706 0.885923 0.83238 0.645347 0.156175 -0.00855085 0.697668 0.147942 0.149621 1.21333 0.773955 -0.949316 -0.90947 -0.791586 -0.0677305 -0.911199 -0.730293 -0.97613 -0.487885 -1.07111 -0.438408 -1.01806 -0.244983 -0.757968 -0.722498 -0.712909 -0.879857 -0.941197 -1.22842 -0.653677 -0.92817 -0.75164 -1.04146 -1.32851 -1.30248 -1.07286 -0.750634 -1.06227 0.371681 1.31379 0.553989 -0.0186222 0.0130041 -0.00119704 
-0.458635 -0.115777 -0.224824 0.0242132 0.429825 0.306177 0.409431 0.960315 0.498674 0.381428 -0.0199968 0.257677 -0.26754 -0.0286768 -0.0749868 0.536808 0.545394 0.244668 0.245884 0.0156787 0.550263 0.129107 0.195792 0.788961 0.672982 -0.974696 -0.933575 -0.667251 -0.271388 -0.65772 -0.545997 -0.715241 -0.699192 -0.998128 -0.414044 -0.941087 -0.337143 -0.611137 -0.803265 -0.754242 -0.539677 -0.779969 -0.857439 -0.546169 -0.90815 -0.663896 -0.821055 -1.05121 -0.963897 -1.11861 -0.739749 -0.791735 0.321851 0.758601 0.325789 -0.0227084 0.0249066 0.00474178 
-0.630208 -0.164191 -0.219244 -0.0452278 0.315791 0.287773 0.335462 1.13179 0.533628 0.17173 0.081799 0.268448 -0.38727 0.033176 0.0240109 0.715449 0.679553 0.46437 0.229396 -0.0111072 0.587922 0.194436 0.167661 0.949862 0.798685 -1.05152 -0.719175 -0.574574 -0.152393 -0.679863 -0.659457 -0.886428 -0.551821 -0.99057 -0.404637 -0.767838 -0.236299 -0.798545 -0.64512 -0.622678 -0.684625 -0.857163 -1.0542 -0.588471 -0.885152 -0.69892 -0.849788 -1.15122 -1.03722 -1.07734 -0.708167 -0.917068 0.410997 1.02959 0.545462 0.0273606 0.0100621 0.00179431 
-0.564804 -0.14537 -0.219667 -0.00694452 0.287725 0.174955 0.249859 0.81102 0.545369 0.187613 0.0447712 0.291618 -0.318428 0.164877 0.0999114 0.586942 0.520752 0.20935 0.357664 0.00315564 0.584597 0.0983523 0.101105 0.573389 0.613655 -0.660797 -0.610066 -0.44794 -0.33611 -0.603996 -0.495723 -0.569324 -0.45677 -0.766783 -0.431467 -0.613297 -0.410436 -0.677985 -0.582047 -0.665803 -0.435697 -0.666708 -0.708993 -0.544831 -0.65813 -0.650909 -0.756098 -0.910662 -0.851606 -0.821856 -0.505617 -0.686506 0.425368 0.849356 0.344817 0.0246537 0.018713 0.00854698 
-0.562731 -0.274214 -0.220769 -0.0301692 0.417775 0.267702 0.334835 0.933507 0.403339 0.0802782 0.0343555 0.151924 -0.323227 -0.18572 0.0563174 0.581546 0.543261 0.314857 0.297662 0.0127749 0.641116 0.144905 0.0637092 0.744006 0.670694 -0.806985 -0.685349 -0.572316 -0.383596 -0.698662 -0.584297 -0.835788 -0.479883 -0.886924 -0.442017 -0.667312 -0.519397 -0.711874 -0.649448 -0.717049 -0.568785 -0.767918 -0.841846 -0.592301 -0.75469 -0.636176 -0.81933 -1.06397 -0.95579 -0.940644 -0.650971 -0.85179 0.32034 0.976052 0.404108 0.0229554 0.0113862 -0.00215437 
-0.669515 -0.194622 -0.187355 0.00305098 0.420465 0.374994 0.486285 1.21654 0.547549 0.203202 0.0817977 0.259834 -0.496037 0.0562443 -0.0113761 0.617704 0.717837 0.509611 0.278921 -0.00928493 0.633217 0.194454 0.147933 0.9816 0.776089 -0.921088 -0.756629 -0.715832 -0.265654 -0.706006 -0.601588 -0.790779 -0.458534 -1.07524 -0.450911 -0.803114 -0.327356 -0.721965 -0.729545 -0.678275 -0.667621 -0.785126 -0.999194 -0.62373 -0.937656 -0.658579 -0.930122 -1.25941 -1.10279 -1.11116 -0.718959 -1.00589 0.419437 1.00516 0.477519 0.0103597 0.0154724 0.00257103 
-0.730535 -0.239352 -0.206252 0.0954467 0.454889 0.345821 0.520557 1.13401 0.519545 0.141571 0.0505927 0.258931 -0.450043 0.109822 0.037294 0.776394 0.692998 0.526298 0.183788 0.0370623 0.665795 0.160794 0.201863 0.972921 0.647653 -1.17137 -0.929025 -0.721534 -0.0597676 -0.855179 -0.635568 -1.10956 -0.787382 -1.08689 -0.518066 -0.957619 -0.2567 -0.618282 -0.697019 -0.792259 -0.7044 -0.983478 -1.09312 -0.709383 -0.928053 -0.746183 -0.971501 -1.19138 -1.088 -1.10027 -0.537046 -0.963965 0.37004 1.01639 0.39458 -0.00876303 0.0109954 0.00189382 
-0.793568 -0.169692 -0.226314 -0.0536676 0.447225 0.369566 0.485955 1.15334 0.581863 0.506093 0.0764254 0.241811 -0.330332 0.172547 0.123334 0.740181 0.75796 0.631912 0.227778 0.02901 0.639084 0.174318 0.165743 1.09472 0.697219 -1.17855 -1.13893 -0.789815 0.0765949 -1.09035 -0.720023 -0.974682 -0.801102 -1.12125 -0.451236 -1.05064 -0.258284 -0.553634 -0.783692 -0.868594 -0.736665 -1.09027 -1.33859 -0.701023 -1.12407 -0.761584 -1.10166 -1.21624 -1.17806 -1.03415 -0.659885 -0.917866 0.343425 1.22541 0.70236 -0.013569 0.0114084 0.00282617 
-0.774736 -0.053643 -0.211379 -0.0272486 0.386488 0.356613 0.475135 1.42675 0.634891 0.495906 0.0881557 0.313525 -0.403638 0.0414034 0.0687787 0.583887 0.724724 0.444699 0.252225 0.0337579 0.670314 0.0952204 0.171527 1.01822 0.793578 -0.904388 -0.754087 -0.736398 -0.0637379 -0.768085 -0.620345 -0.902055 -0.45082 -0.927877 -0.372766 -0.755001 -0.235483 -0.715512 -0.711146 -0.681936 -0.603701 -0.834431 -0.962336 -0.63576 -0.847576 -0.675192 -0.995794 -1.24315 -1.08104 -1.04362 -0.74649 -0.94051 0.36787 1.07922 0.416621 0.0190382 0.00814906 0.00211733 
-0.683718 -0.203402 -0.237215 0.00739495 0.429977 0.400577 0.552868 1.09858 0.557276 0.296046 0.0883482 0.179454 -0.345045 0.0603722 0.0917011 0.774412 0.689122 0.559005 0.303867 0.0083067 0.586687 0.185086 0.152503 1.04115 0.800229 -1.05457 -1.02753 -0.838122 -0.000559436 -0.880371 -0.720964 -1.14487 -0.641105 -1.23685 -0.546175 -0.88521 -0.424586 -0.649995 -0.713772 -0.878485 -0.652864 -1.05011 -1.08288 -0.692385 -1.08622 -0.726231 -1.14583 -1.20639 -1.42068 -0.990273 -0.758904 -0.96622 0.440456 1.04706 0.622618 0.0116184 0.00563448 -8.01909e-05 
-0.767555 -0.158737 -0.226804 0.0322713 0.462935 0.406957 0.513569 1.14058 0.612348 0.31905 0.105396 0.18095 -0.458898 0.0920784 0.1279 0.80533 0.768979 0.666223 0.216857 0.0187839 0.58066 0.198819 0.154734 1.11829 0.768104 -0.985347 -1.01642 -0.767804 0.016299 -0.933098 -0.69309 -1.35377 -0.661625 -1.14713 -0.578487 -0.905179 -0.29267 -0.723794 -0.799263 -0.891582 -0.892788 -0.943178 -1.21415 -0.735628 -1.00405 -0.748277 -1.14433 -1.21881 -1.35917 -0.954006 -0.527133 -0.870753 0.356127 1.27074 0.609148 -0.0243719 0.0185434 0.00237868 
-0.711221 -0.159927 -0.242469 0.0358924 0.561788 0.314101 0.51828 1.31709 0.599324 0.434752 0.0835709 0.218241 -0.362343 0.0333924 0.0718591 0.770916 0.73769 0.47606 0.227236 0.00971884 0.777642 0.158847 0.185106 1.16283 0.698141 -0.914711 -0.958274 -0.684053 -0.114096 -0.860039 -0.635862 -1.03673 -0.555462 -1.06126 -0.513565 -0.921171 -0.270698 -0.790219 -0.693151 -0.723638 -0.953161 -0.954603 -1.06799 -0.696775 -0.977474 -0.773799 -1.05442 -1.20585 -1.23343 -1.08358 -0.806022 -0.981719 0.391959 1.17418 0.548332 0.00454724 0.0138466 -0.00125938 
-0.643823 -0.130257 -0.229124 -0.110319 0.313164 0.336384 0.564894 1.23249 0.535314 0.227502 0.0253532 0.311377 -0.432441 0.0365627 0.0383584 0.625897 0.565372 0.495672 0.246967 0.052271 0.75155 0.152324 0.179206 0.999059 0.659512 -1.05021 -0.789078 -0.629448 -0.179654 -0.915511 -0.630913 -0.7728 -0.5084 -0.942229 -0.403819 -0.828203 -0.308195 -0.684941 -0.660537 -0.663607 -0.624687 -0.818388 -0.943538 -0.689724 -0.897124 -0.786921 -0.938234 -1.27098 -1.11479 -1.10113 -0.686426 -0.925721 0.382613 0.998619 0.489783 0.0248677 0.00510774 0.0027661 
-0.547973 -0.0109557 -0.257844 -0.0419648 0.355495 0.433698 0.552206 1.23524 0.530059 0.314225 0.0581561 0.0742832 -0.405166 -0.0245842 0.00270667 0.866387 0.631994 0.555806 0.256424 -0.0697551 0.566299 0.175075 0.205758 0.965306 0.770204 -1.06458 -1.02047 -0.65399 -0.057318 -0.881137 -0.643828 -1.27409 -0.611743 -0.994421 -0.506617 -0.932438 -0.406054 -0.803597 -0.713433 -0.842406 -0.820633 -1.04583 -1.26448 -0.661739 -0.990988 -0.64817 -1.03079 -1.30588 -1.2949 -1.16205 -0.75638 -0.961283 0.409191 1.18849 0.490045 0.0112774 0.00889253 -0.000537013 
-0.64148 -0.262805 -0.241983 -0.173629 0.421246 0.316343 0.328408 0.886585 0.417203 0.0643723 0.0938193 0.343094 -0.274437 -0.0145821 -0.0393878 0.70881 0.67733 0.331194 0.208829 -0.0157769 0.638659 0.149158 0.190653 0.963268 0.749519 -0.781442 -0.648806 -0.592953 -0.413172 -0.743861 -0.562525 -0.792379 -0.551181 -0.833466 -0.407755 -0.704335 -0.495028 -0.647475 -0.779719 -0.675572 -0.676954 -0.764572 -0.851257 -0.659218 -0.825239 -0.599794 -0.896545 -1.09516 -0.99435 -0.993679 -0.658013 -0.909672 0.391904 0.849206 0.345096 0.000295825 0.0190564 0.0065223 
-0.760565 -0.242249 -0.218852 -0.0870709 0.410501 0.357395 0.554022 1.28715 0.574402 0.144531 0.0713206 0.259409 -0.352052 -0.0120373 0.03708 0.809203 0.733984 0.525112 0.203749 0.0327034 0.732549 0.139275 0.148904 1.03076 0.805756 -1.01607 -0.859407 -0.694893 -0.0681744 -0.816484 -0.61603 -0.882385 -0.477808 -1.0083 -0.467444 -0.858316 -0.332919 -0.66822 -0.669752 -0.694748 -0.731037 -0.857966 -1.05037 -0.69221 -0.942625 -0.703668 -0.98194 -1.26607 -1.24134 -1.08207 -0.861482 -1.05737 0.401719 1.2416 0.631466 0.0102224 0.0047224 0.00274449 
-0.801844 -0.206573 -0.22032 0.0561968 0.369291 0.354992 0.546672 1.23069 0.568479 0.281306 0.107568 0.320181 -0.39978 0.0605402 0.0862744 0.654794 0.736722 0.56793 0.278596 0.00560344 0.629002 0.161865 0.232001 1.12021 0.894823 -0.918799 -0.809879 -0.682877 -0.1077 -0.77104 -0.616587 -1.08681 -0.503125 -1.00926 -0.490456 -0.837676 -0.272454 -0.633859 -0.658377 -0.671273 -0.686328 -1.00426 -1.01395 -0.661247 -0.894318 -0.708564 -0.987206 -1.25818 -1.22539 -1.1695 -0.789645 -1.01125 0.402176 1.17549 0.475387 -0.0272046 0.0141778 0.00228697 
-0.68265 -0.21876 -0.18274 0.0545779 0.386108 0.251271 0.560386 1.10776 0.506121 0.216642 0.0536489 0.327257 -0.301563 0.0555575 0.0806651 0.600964 0.644554 0.495958 0.246146 0.0561471 0.700906 0.109022 0.178852 0.89748 0.748345 -0.853289 -0.733914 -0.625834 -0.265432 -0.680651 -0.62731 -0.721331 -0.553974 -0.902551 -0.449446 -0.812414 -0.44736 -0.651103 -0.639749 -0.757508 -0.679901 -0.750476 -0.919998 -0.615862 -0.882577 -0.681825 -0.891759 -1.09577 -1.04503 -0.97279 -0.536955 -0.934721 0.403574 0.821789 0.412714 0.0164371 0.0141173 0.00461538 
-0.695024 -0.0976256 -0.220528 -0.0405337 0.37827 0.363267 0.53725 1.09278 0.599023 0.256777 0.122668 0.226948 -0.382178 0.0191359 0.063881 0.672322 0.723455 0.501161 0.284904 0.0203081 0.628468 0.156846 0.18903 1.0544 0.851108 -0.95364 -0.843191 -0.715574 -0.0903274 -0.771844 -0.651124 -0.939191 -0.499558 -1.04377 -0.471052 -0.881255 -0.309219 -0.744312 -0.683942 -0.66382 -0.692472 -0.870634 -1.12995 -0.68673 -0.973106 -0.695592 -0.986558 -1.22941 -1.14116 -1.10695 -0.815855 -1.09436 0.392325 1.15368 0.634285 -0.0288395 0.017677 0.00225411 
-0.720743 -0.265157 -0.209136 0.0452529 0.575507 0.367782 0.531761 1.10671 0.617769 0.151739 0.0951435 0.214852 -0.321468 0.0255427 0.0104355 0.723619 0.659596 0.472175 0.252039 0.00425899 0.765285 0.18087 0.185587 1.13018 0.856887 -0.973584 -0.782807 -0.779989 -0.0918174 -0.769166 -0.617687 -0.92862 -0.49577 -1.0432 -0.482873 -0.84163 -0.291834 -0.747872 -0.723894 -0.788095 -0.739234 -0.887855 -1.09383 -0.736362 -1.00332 -0.690697 -0.986812 -1.28346 -1.28425 -1.19128 -0.819973 -0.963415 0.39046 1.12385 0.498623 0.0243168 0.0121794 -0.00103229 
-0.657737 -0.284601 -0.212071 -0.0943326 0.481579 0.360173 0.541433 1.30785 0.581544 0.473039 0.0516407 0.315138 -0.368426 0.0142833 0.0358895 0.790124 0.763446 0.614961 0.220907 0.0151446 0.662423 0.191077 0.176671 1.32331 0.796681 -1.09898 -0.943095 -0.794835 0.0696041 -0.861609 -0.555049 -1.07975 -0.614437 -1.13121 -0.591996 -0.930631 -0.295953 -0.720253 -0.768401 -0.788741 -0.898476 -0.999231 -1.15981 -0.651257 -1.00548 -0.771725 -1.08521 -1.2749 -1.29063 -1.12752 -0.757005 -1.24391 0.393609 1.25055 0.665909 0.0196134 0.00638048 0.0024194 
-0.707918 -0.177699 -0.211119 -0.0265864 0.386045 0.394444 0.62443 1.05167 0.56016 0.361246 0.0546318 0.12749 -0.290151 0.0146826 0.0900725 0.872962 0.713787 0.593969 0.312296 0.00112121 0.685255 0.183486 0.185707 1.11936 0.738763 -1.00663 -0.719373 -0.681741 -0.155776 -0.840794 -0.764395 -0.930914 -0.641947 -0.944068 -0.409637 -0.831742 -0.380943 -0.664404 -0.72183 -0.691876 -0.726294 -0.869069 -0.995716 -0.655311 -0.977433 -0.708785 -0.999967 -1.21515 -1.30025 -1.05034 -0.763084 -0.983461 0.391286 1.25932 0.526993 -0.00407468 0.0100845 0.00289425 
-0.683008 -0.222653 -0.217646 -0.00868829 0.340303 0.369221 0.471807 1.15826 0.54691 0.25095 0.0874249 0.28113 -0.392135 0.0436949 0.0913365 0.618388 0.758067 0.436528 0.28767 -0.0296407 0.959774 0.212021 0.163803 1.11689 0.769306 -0.985648 -0.813866 -0.702236 -0.18427 -0.751341 -0.586902 -0.85427 -0.578026 -1.10124 -0.444558 -0.868967 -0.348073 -0.745419 -0.684525 -0.708144 -0.752842 -0.862562 -1.02078 -0.677316 -1.00649 -0.679331 -0.945832 -1.25219 -1.16577 -1.04379 -0.741852 -1.06028 0.342746 1.09121 0.430604 -0.0174514 0.00858307 0.00370979 

-0.6246231.99798e-316 6.91544e-310 0.611318 0.576056 0.579856 0.599685 0.583739 0.610935 0.626895 0.621715 0.575718 0.633157 0.621965 0.587117 0.595554 0.590328 0.581363 0.624172 0.605489 0.619294 0.614639 0.618152 0.649995 0.617653 0.614441 0.616269 0.599261 0.619926 0.643729 0.593399 